image: /home/sobit/catkin_ws/src/scratch_ros/map/0501.pgm
resolution: 0.050000
origin: [-12.200000, -12.200000, 0.000000]
negate: 0
occupied_thresh: 0.65
free_thresh: 0.196

